g 100 99
d 1 -6.97021 3.42513
d 2 5.61920 -17.2281
d 3 3.78688 -9.37993
d 4 12.5470 1.83692
d 5 6.64933 12.5965
d 6 -14.7648 -8.88580
d 7 1.32840 5.40090
d 8 -2.22195 1.75270
d 9 13.9019 -8.90306
d 10 16.9438 9.09543
d 11 12.5046 11.0061
d 12 0.934079 -15.6008
d 13 19.5023 -2.54135
d 14 -13.6567 10.3291
d 15 5.37358 -15.5471
d 16 -14.8113 -5.58194
d 17 13.1005 -14.8626
d 18 -11.9869 13.3587
d 19 10.4070 12.7086
d 20 6.98488 1.18770
d 21 -9.25492 -2.86272
d 22 -15.4892 -6.28634
d 23 -2.74714 -4.13225
d 24 -4.18709 7.92758
d 25 6.42584 -3.16015
d 26 9.62328 3.15650
d 27 -12.3084 -7.84013
d 28 -1.43181 6.22770
d 29 5.24062 -0.0987456
d 30 -17.5325 5.92423
d 31 1.04247 1.93390
d 32 7.44216 -1.24048
d 33 -5.94436 14.1711
d 34 11.4428 -3.35113
d 35 -2.59203 1.70587
d 36 4.12917 3.84493
d 37 -7.88840 1.90609
d 38 13.2400 13.5897
d 39 -11.6601 -12.0641
d 40 0.829111 -14.6790
d 41 -11.1459 2.40300
d 42 4.26014 -10.2757
d 43 2.89153 11.6044
d 44 -2.40910 -7.55309
d 45 -12.6466 -2.32597
d 46 -7.26493 8.71831
d 47 -1.89249 -1.34539
d 48 -14.7797 4.26569
d 49 -4.79310 -6.85766
d 50 2.12792 2.83143
d 51 -6.55035 -12.7663
d 52 -11.7462 0.849631
d 53 -9.52164 16.6719
d 54 -4.52978 0.750693
d 55 -0.418907 -6.78807
d 56 11.6985 4.46566
d 57 15.6262 -1.68912
d 58 -6.59940 1.43766
d 59 8.52706 15.3292
d 60 -6.85842 -15.9414
d 61 3.90085 0.464316
d 62 -5.47711 -5.23275
d 63 -4.58729 -15.9388
d 64 7.03828 -0.778657
d 65 7.30501 1.73235
d 66 8.30481 6.02194
d 67 -3.15345 -0.473716
d 68 6.08116 -9.84598
d 69 -2.73447 1.52003
d 70 1.20706 5.21161
d 71 1.38401 -3.85144
d 72 1.02305 -2.60640
d 73 8.69476 0.623293
d 74 -7.08736 15.2135
d 75 0.527614 -10.3621
d 76 -0.719385 -9.57636
d 77 -6.33856 -1.47245
d 78 -10.1666 -10.0670
d 79 13.0251 -14.8325
d 80 -9.53023 3.53244
d 81 0.242569 -1.43252
d 82 -1.09375 -10.3756
d 83 -10.0739 -2.89200
d 84 -5.68669 -18.5544
d 85 -10.8662 -10.8268
d 86 5.28271 2.80270
d 87 -1.53756 -1.02524
d 88 -8.99342 -6.84079
d 89 18.1168 -1.51164
d 90 -7.78890 -3.62390
d 91 -2.19439 -3.81781
d 92 1.79347 -6.62397
d 93 -0.0872793 5.50870
d 94 -5.72217 -14.4686
d 95 -17.8226 0.212704
d 96 -4.87591 4.89555
d 97 4.72889 -2.51036
d 98 5.09524 6.81810
d 99 -3.50573 -5.24126
e 1 37
e 2 15
e 3 92
e 4 56
e 5 43
e 6 27
e 7 70
e 8 35
e 9 34
e 10 11
e 11 19
e 12 40
e 13 89
e 14 18
e 15 12
e 16 22
e 17 79
e 18 53
e 19 59
e 20 65
e 21 90
e 22 6
e 23 91
e 24 96
e 25 32
e 26 73
e 27 78
e 28 93
e 29 64
e 30 48
e 31 0
e 32 64
e 33 46
e 34 32
e 35 69
e 36 50
e 37 58
e 38 11
e 39 85
e 40 75
e 41 80
e 42 3
e 43 98
e 44 49
e 45 83
e 46 24
e 47 87
e 48 41
e 49 62
e 50 31
e 51 78
e 52 41
e 53 74
e 54 67
e 55 44
e 56 26
e 57 34
e 58 54
e 59 5
e 60 94
e 61 29
e 62 99
e 63 94
e 64 20
e 65 86
e 66 26
e 67 47
e 68 42
e 69 54
e 70 50
e 71 72
e 72 81
e 73 65
e 74 33
e 75 76
e 76 44
e 77 90
e 78 88
e 79 9
e 80 37
e 81 0
e 82 76
e 83 21
e 84 63
e 85 78
e 86 36
e 87 81
e 88 90
e 89 57
e 90 62
e 91 47
e 92 55
e 93 70
e 94 51
e 95 48
e 96 1
e 97 25
e 98 36
e 99 23
